200 52
2 38 9
2 21 17
1 37
0 40
2 32 27
2 2 22
2 17 0
2 30 3
2 4 36
2 31 13
0 4
0 0
0 15
2 37 26
2 26 26
2 0 9
2 25 32
0 22
2 31 2
0 19
0 9
0 6
1 4
1 37
0 21
1 2
1 21
2 16 2
0 33
0 21
2 38 35
2 11 25
2 29 26
2 6 30
2 40 21
2 34 26
2 1 36
1 24
2 13 33
0 10
0 28
0 20
2 23 0
1 13
0 26
0 40
1 26
1 17
2 1 30
0 39
0 7
1 15
1 19
1 33
2 23 26
0 29
1 36
0 2
0 21
1 25
2 0 17
1 16
2 28 22
2 12 28
2 5 34
1 15
1 14
0 4
0 12
0 30
0 3
0 31
0 0
1 26
1 35
1 31
0 19
0 5
1 9
0 2
0 35
0 16
0 37
1 30
0 19
2 26 32
0 12
2 40 11
2 3 30
1 16
1 12
1 15
1 10
1 3
0 18
1 16
2 1 1
0 1
2 24 3
2 35 28
1 15
2 12 3
2 27 2
2 36 24
0 32
2 36 7
1 24
2 24 7
2 13 36
2 33 9
2 32 40
1 24
0 2
0 29
1 10
1 22
0 2
1 2
1 31
2 22 1
1 32
2 15 24
2 33 24
2 12 32
1 6
0 17
1 17
2 4 23
0 29
2 18 35
1 1
2 27 19
0 36
2 18 6
1 27
1 34
1 39
1 37
1 24
2 0 37
0 3
2 36 39
2 20 12
2 33 2
2 12 14
1 6
1 0
2 20 28
0 37
1 20
0 35
2 34 2
0 15
0 5
2 19 5
0 24
1 35
0 20
1 16
0 17
0 0
1 40
1 25
2 33 8
0 14
2 31 9
2 20 7
1 38
0 31
1 5
1 19
1 14
1 22
2 28 15
2 27 1
0 4
0 27
0 13
1 1
1 7
0 5
2 19 16
0 8
1 28
1 1
1 32
1 14
1 29
2 36 37
0 20
1 20
2 37 7
2 0 39
1 23
2 12 32
1 17
1 33
2 6 1
1 16
2 21 17